53,86
53,85
53,38
60,8
60,7
60,6
60,5
60,4
60,3
60,2
60,1
59,6
59,5
59,4
59,3
59,2
59,1
58,7
58,6
58,5
58,4
58,3
58,2
58,1
57,6
57,5
57,4
57,3
57,2
57,1
56,12
56,11
56,10
56,9
56,8
56,7
56,6
56,5
56,4
56,3
56,2
56,1
55,8
55,7
55,6
55,5
55,4
55,3
55,2
55,1
54,9
54,8
54,7
54,6
54,5
54,4
54,3
54,2
54,1
53,84
53,83
53,82
53,81
53,80
53,79
53,78
53,77
53,76
53,75
53,74
53,73
53,72
53,71
53,70
53,69
53,68
53,67
53,66
53,65
53,64
53,39
53,36
53,35
53,34
53,33
53,32
53,31
53,30
53,29
53,28
53,27
53,26
53,25
53,24
53,23
53,22
53,21
53,20
53,19
53,18
53,17
53,16
53,15
53,14
53,13
53,12
53,11
53,10
53,9
53,8
53,7
53,6
53,5
53,4
53,3
53,2
53,1
52,8
52,7
52,6
52,5
52,4
52,3
52,2
52,1
51,3
51,2
51,1
50,8
50,7
50,6
50,5
50,4
50,3
50,2
50,1
49,6
49,5
49,4
49,3
49,2
49,1
48,10
48,9
48,8
48,7
48,6
48,5
48,4
48,3
48,2
48,1
47,6
47,5
47,4
47,3
47,2
47,1
46,4
46,3
46,2
46,1
45,4
45,3
45,2
45,1
44,8
44,7
44,6
44,5
44,4
44,3
44,2
44,1
43,5
43,4
43,3
43,2
43,1
42,6
42,5
42,4
42,3
42,2
42,1
41,4
41,3
41,2
41,1
40,5
40,4
40,3
40,2
40,1
39,8
39,7
39,6
39,5
39,4
39,3
39,2
39,1
38,4
38,3
38,2
38,1
37,3
37,2
37,1
36,5
36,4
36,3
36,2
36,1
35,11
35,10
35,9
35,8
35,7
35,6
35,5
35,4
35,3
35,2
35,1
34,6
34,5
34,4
34,3
34,2
34,1
33,3
33,2
33,1
32,5
32,4
32,3
32,2
32,1
31,7
31,6
31,5
31,4
31,3
31,2
31,1
30,6
30,5
30,4
30,3
30,2
30,1
29,4
29,3
29,2
29,1
28,4
28,3
28,2
28,1
27,6
27,5
27,4
27,3
27,2
27,1
26,4
26,3
26,2
26,1
25,5
25,4
25,3
25,2
25,1
24,5
24,4
24,3
24,2
24,1
23,4
23,3
23,2
23,1
22,5
22,4
22,3
22,2
22,1
21,5
21,4
21,3
21,2
21,1
20,5
20,4
20,3
20,2
20,1
19,4
19,3
19,2
19,1
18,3
18,2
18,1
17,169
17,168
17,167
17,166
17,165
17,164
17,163
17,162
17,161
17,160
17,159
17,158
17,157
17,156
17,155
17,154
17,153
17,152
17,151
17,150
17,132
17,131
17,130
17,129
17,128
17,127
17,126
17,125
17,124
17,123
17,122
17,121
17,120
17,119
17,118
17,117
17,116
17,115
17,114
17,113
17,112
17,111
17,110
17,109
17,108
17,107
17,106
17,105
17,104
17,103
17,102
17,101
17,100
17,99
17,98
17,97
17,96
17,95
17,94
17,93
17,92
17,91
17,90
17,89
17,88
17,87
17,86
17,85
17,84
17,83
17,82
17,81
17,80
17,79
17,78
17,77
17,76
17,75
17,74
17,73
17,72
17,71
17,70
17,69
17,68
17,67
17,66
17,65
17,64
17,35
17,34
17,33
17,32
17,31
17,30
17,29
17,28
17,27
17,26
17,25
17,24
17,23
17,22
17,21
17,20
17,19
17,18
17,17
17,16
17,15
17,14
17,13
17,12
17,11
17,10
17,9
17,8
17,7
17,6
17,5
17,3
17,2
17,1
16,3
16,2
16,1
15,7
15,6
15,5
15,4
15,3
15,2
15,1
14,4
14,3
14,2
14,1
13,4
13,3
13,2
13,1
12,3
12,2
12,1
11,4
11,3
11,2
11,1
10,4
10,3
10,2
10,1
9,3
9,2
9,1
8,3
8,2
8,1
7,5
7,4
7,3
7,2
7,1
6,3
6,2
6,1
5,5
5,4
5,3
5,2
5,1
2,15
2,14
2,13
2,12
2,11
2,10
2,9
2,8
2,7
2,6
2,5
2,4
2,3
2,2
2,0
1,3
0,566
0,565
0,564
0,563
0,562
0,561
0,560
0,559
0,558
0,557
0,556
0,555
0,554
0,553
0,552
0,551
0,550
0,549
0,548
0,547
0,546
0,545
0,544
0,543
0,542
0,541
0,540
0,539
0,538
0,537
0,536
0,535
0,534
0,533
0,532
0,531
0,530
0,529
0,528
0,527
0,526
0,525
0,524
0,523
0,522
0,521
0,520
0,519
0,518
0,517
0,516
0,515
0,514
0,513
0,512
4,3
0,450
0,427
0,425
0,415
0,412
0,399
0,324
0,243
0,9
0,0
0,1
2,1
0,461
0,300
0,299
0,459
0,298
0,434
0,297
0,458
0,296
0,457
0,295
0,433
0,294
0,432
0,293
0,456
0,292
0,431
0,291
0,455
0,290
0,430
0,289
0,429
0,288
0,454
0,287
0,428
0,286
0,423
0,285
0,422
0,284
0,421
0,283
0,420
0,282
0,419
0,281
0,418
0,280
0,417
0,279
0,416
0,278
0,414
0,277
0,413
0,276
0,411
0,275
0,410
0,274
0,409
0,273
0,408
0,272
0,407
0,271
0,406
0,270
0,405
0,269
0,404
0,268
0,403
0,267
0,402
0,266
0,401
0,265
0,400
0,264
0,397
0,263
0,396
0,262
0,395
0,261
0,394
0,260
0,393
0,259
0,392
0,258
0,391
0,257
0,390
0,256
0,389
0,255
0,388
0,254
0,387
0,253
0,386
0,252
0,385
0,251
0,384
0,250
0,383
0,249
0,382
0,248
0,381
0,247
0,380
0,246
0,379
0,245
0,378
0,244
0,377
0,242
0,376
0,241
0,375
0,240
0,374
0,239
0,373
0,238
0,372
0,237
0,371
0,236
0,370
0,235
0,234
0,368
0,233
0,367
0,232
0,366
0,231
0,365
0,230
0,364
0,229
0,363
0,228
0,362
0,227
0,361
0,226
0,360
0,225
0,359
0,224
0,358
0,223
0,357
0,222
0,356
0,221
0,355
0,220
0,354
0,219
0,353
0,218
0,352
0,217
0,351
0,216
0,350
0,215
0,349
0,214
0,348
0,213
0,347
0,212
0,346
0,211
0,449
0,210
0,344
0,209
0,343
0,208
0,342
0,207
0,341
0,206
0,340
0,205
0,339
0,204
0,338
0,203
0,448
0,202
0,336
0,201
0,335
0,200
0,334
0,199
0,333
0,198
0,332
0,197
0,331
0,196
0,330
0,195
0,329
0,194
0,328
0,193
0,327
0,192
0,326
0,63
0,325
0,62
0,323
0,61
0,322
0,60
0,321
0,59
0,320
0,58
0,319
0,57
0,318
0,56
0,317
0,55
0,316
0,54
0,315
0,53
0,314
0,52
0,313
0,51
0,312
0,50
0,311
0,49
0,310
0,48
0,309
0,47
0,308
0,46
0,307
0,45
0,301
0,6
0,5
0,304
0,303
0,306
0,305
0,302
0,424
0,12
0,398
0,10
0,8
0,426
0,11
0,4
0,2
0,3
0,7
60,0
59,0
58,0
57,0
56,0
55,0
54,0
53,0
52,0
51,0
50,0
49,0
48,0
47,0
46,0
45,0
44,0
43,0
42,0
41,0
40,0
39,0
38,0
37,0
36,0
35,0
34,0
33,0
32,0
31,0
30,0
29,0
28,0
27,0
26,0
25,0
24,0
23,0
22,0
21,0
20,0
19,0
18,0
17,0
16,0
15,0
14,0
13,0
12,0
11,0
10,0
9,0
8,0
7,0
6,0
5,0
